0001
0002
0004
0005
0006
0007
0008
0009
0011
0019
0020
0021
0022
0023
0024
0025
0026
0027
0028
0029
0030
0031
0032
0033
0034
0041
0042
0043
0044
0045
0046
0047
0048
0050
0052
0053
0054
0055
0056
0057
0058
0059
0060
0061
0063
0064
0065
0066
0067
0068
0069
0070
0071
0072
0073
0074
0075
0076
0120
0121
0122
0123
0124
0125
0126
0127
0130
0131
0132
0133
0134
0135
0138
0139
0149
0150
0151
0152
0154
0155
0157
0158
0159
0160
0161
0162
0163
0164
0165
0166
0167
0168
0170
0171
0172
0174
0175
0176
0177
0178
0179
0180
0181
0182
0183
0184
0185
0187
0188
0190
0191
0192
0193
0194
0195
0196
0199
0200
0202
0203
0204
0206
0207
0208
0209
0211
0213
0214
0218
0219
0220
0222
0224
0225
0226
0227
0228
0229
0230
0231
0232
0233
0234
0235
0236
0237
0238
0239
0240
0241
0242
0243
0244
0245
0246
0247
0248
0249
0250
0251
0252
0253
0254
0255
0256
0257
0258
0259
0260
0261
0262
0263
0264
0283
0284
0285
0286
0287
0288
0289
0290
0291
0292
0293
0294
0295
0296
0297
0298
0299
0300
0301
0302
0303
0304
0305
0306
0315
0316
0317
0318
0321
0323
0324
0328
0347
0348
0349
0350
0351
0352
0353
0354
0355
0356
0357
0358
0359
0360
0362
0363
0364
0365
0366
0367
0368
0369
0370
0371
0372
0373
0374
0375
0376
0377
0378
0379
0380
0381
0382
0383
0384
0385
0386
0388
0389
0390
0391
0392
0393
0394
0395
0396
0397
0398
0399
0400
0401
0402
0403
0405
0406
0407
0408
0410
0411
0412
0413
0414
0415
0416
0417
0418
0419
0420
0421
0422
0423
0424
0425
0426
0427
0428
0429
0430
0431
0432
0433
0434
0435
0436
0437
0438
0439
0440
0441
0442
0443
0444
0445
0446
0447
0448
0449
0450
0451
0452
0453
0454
0455
0456
0457
0458
0459
0461
0462
0463
0464
0465
0467
0468
0469
0471
0472
0474
0475
0476
0477
0478
0479
0480
0499
0500
0501
0502
0504
0505
0506
0507
0508
0509
0510
0511
0512
0513
0514
0515
0517
0518
0525
0526
0527
0528
0529
0530
0531
0532
0533
0534
0535
0536
0537
0538
0539
0541
0542
0543
0544
0545
0546
0566
0568
0570
0571
0572
0573
0574
0575
0576
0577
0578
0580
0582
0583
0584
0585
0586
0587
0588
0589
0590
0591
0592
0593
0594
0595
0596
0597
0598
0599
0600
0639
0640
0641
0642
0643
0644
0645
0646
0647
0648
0649
0650
0651
0652
0653
0654
0655
0656
0657
0658
0659
0660
0661
0662
0663
0664
0665
0666
0667
0668
0669
0670
0671
0672
0673
0674
0675
0676
0677
0678
0679
0681
0683
0684
0685
0686
0687
0688
0689
0695
0696
0697
0698
0700
0701
0703
0704
0705
0706
0707
0708
0709
0710
0711
0712
0713
0714
0715
0716
0717
0718
0719
0726
0727
0728
0730
0731
0733
0734
0735
0736
0737
0738
0739
0740
0741
0744
0746
0747
0749
0750
0751
0752
0757
0758
0759
0760
0761
0762
0763
0764
0765
0767
0768
0769
0786
0787
0789
0790
0791
0792
0803
0804
0805
0806
0808
0809
0810
0811
0812
0813
0815
0816
0817
0819
0820
0821
0822
0847
0848
0849
0850
0851
0852
0853
0854
0855
0856
0858
0860
0861
0862
0863
0864
0865
0866
0868
0869
0870
0871
0872
0873
0875
0876
0877
0878
0880
0882
0883
0884
0885
0886
0887
0888
0889
0890
0891
0892
0893
0894
0895
0896
0897
0898
0899
0900
0901
0902
0903
0945
0947
0949
0952
0953
0955
0956
0957
0958
0959
0960
0961
0975
0976
0977
0978
0979
0980
0981
0982
0983
0984
0988
0989
0990
0991
0992
0994
0995
0996
0997
0998
0999
1000
1001
1002
1003
1004
1005
1006
1007
1008
1009
1010
1011
1012
1013
1014
1015
1016
1017
1018
1019
1020
1021
1022
1023
1024
1025
1044
1045
1046
1047
1048
1049
1050
1051
1052
1053
1054
1055
1056
1057
1058
1074
1075
1076
1077
1078
1079
1080
1081
1082
1083
1084
1085
1086
1087
1088
1089
1090
1091
1092
1093
1094
1095
1096
1097
1098
1099
1100
1101
1102
1104
1105
1106
1107
1108
1109
1110
